-9.944345934680117738e-01
-2.391590385286080367e-01
2.914335439641035919e-16
9.368366603883285237e-02
-8.504101833671528991e-17
1.116391360223398105e-01
1.301042606982605321e-16
-2.409702712413170841e-02
8.857366612712347376e-01
-1.471045507628332416e-15
-4.795892527592269250e-01
3.737917413999592412e-16
-6.695751721605600615e-01
-7.216449660063517513e-16
-3.161549753815125815e-03
8.589543246238785790e-02
1.817990202823693835e-15
7.474263078090267465e-01
-2.543811646674521268e-16
-7.384938224861170575e-01
-5.481726184086710418e-16
-3.506126013019622720e-17
-2.652418608993112505e-16
8.123814395297360637e-17
5.923340759526928780e-16
1.000000000000000000e+00
7.939137031663229716e-18
-2.332299163288732820e-16
-3.406563225949454932e-16
1.665334536937734811e-16
6.072888341446430749e-01
-1.276756478318930021e-15
5.633959205757775831e-17
1.110223024625156540e-15
-9.192315977976074359e-01
4.593739283428990676e-03
1.440387123891248011e-01
-4.529945625939625353e-01
3.294764094764215945e-01
-2.232916549969274098e-16
7.098472040965199126e-01
-7.324625844796993634e-01
4.593739283429770434e-03
1.440387123891250787e-01
4.529945625939644782e-01
3.294764094764191520e-01
-9.354947363148090422e-17
7.098472040965182472e-01
7.324625844797008067e-01
