-2.025460099082225440e+01
-5.163780323653487159e+00
-2.547949899621341358e-02
-5.139619634887297389e-17
-2.118097364167681610e-16
-8.533420368091515495e-01
-8.533420368091511055e-01
-5.163780323653487159e+00
-2.410679871712253508e+00
-7.438808090117488003e-02
3.165177792675507666e-17
3.747002708109903570e-17
-8.015371067678314088e-01
-8.015371067678314088e-01
-2.547949899621342745e-02
-7.438808090117488003e-02
-2.755313757523418783e-01
-6.542267176677075955e-17
-1.179611963664228824e-16
-3.246814009023900049e-01
-3.246814009023901715e-01
-5.139619634887297389e-17
3.165177792675510131e-17
-6.542267176677075955e-17
-3.875873712000805216e-01
-5.964860901829039527e-17
4.272988193133967199e-17
-2.634335715285979220e-17
-2.118964725905669964e-16
4.024558464266192336e-17
-1.096345236817342133e-16
-5.964860901829039527e-17
-2.336435463834928283e-01
3.577853283199033396e-01
-3.577853283199035062e-01
-8.533420368091515495e-01
-8.015371067678309647e-01
-3.246814009023899494e-01
4.272988193133968431e-17
3.577853283199033951e-01
-4.182075145993222609e-01
-2.522918111519553142e-01
-8.533420368091511055e-01
-8.015371067678302985e-01
-3.246814009023901715e-01
-2.634335715285979837e-17
-3.577853283199034506e-01
-2.522918111519553142e-01
-4.182075145993224274e-01
